9.996285419399213446e-01
9.943084336597257655e-01
9.978630370147660855e-01
9.985528598571532521e-01
9.973476598857837772e-01
9.976688627989729330e-01
9.993590662985405437e-01
9.982586022357924360e-01
9.997573413531212205e-01
9.984332134958073812e-01
9.977662174610079093e-01
9.963874106633189287e-01
9.983049550272975470e-01
9.986552109815107769e-01
9.962734897971197157e-01
9.990658153416820397e-01
9.987121816348182302e-01
9.965510286893922709e-01
9.976684571553041669e-01
9.983633552645581055e-01
