0.000000000000000000e+00 0.000000000000000000e+00 0.000000000000000000e+00 0.000000000000000000e+00 0.000000000000000000e+00 0.000000000000000000e+00 0.000000000000000000e+00 0.000000000000000000e+00 0.000000000000000000e+00 0.000000000000000000e+00 0.000000000000000000e+00 0.000000000000000000e+00 0.000000000000000000e+00 0.000000000000000000e+00 0.000000000000000000e+00 0.000000000000000000e+00 0.000000000000000000e+00 0.000000000000000000e+00 0.000000000000000000e+00 0.000000000000000000e+00
9.978865797816132144e-01 8.903102885138812761e-01 9.554420570623458620e-01 9.637196195843606983e-01 9.546495244804508173e-01 9.520050807475957111e-01 9.914582599506868155e-01 9.623106727721028042e-01 9.976224022543148662e-01 9.642533115587007542e-01 9.542972877773864271e-01 9.301690736174709206e-01 9.607256076083128260e-01 9.654327708219924142e-01 9.343078548784783388e-01 9.843254667136315250e-01 9.838851708348009817e-01 9.228815097078569840e-01 9.554420570623458620e-01 9.680345191969003116e-01
9.989432898908066072e-01 9.285973507530393967e-01 9.775449101796407358e-01 9.837971116590348286e-01 9.655688622754491357e-01 9.712393395028126042e-01 9.959492779147587349e-01 9.808030996829869563e-01 9.986791123635082590e-01 9.834875703139176473e-01 9.732300105671011226e-01 9.599330750264177814e-01 9.781613244100034743e-01 9.845763019415714190e-01 9.602853117294821716e-01 9.926030292356463614e-01 9.948045086297991890e-01 9.500998003992016105e-01 9.702359985910531393e-01 9.804508629799224551e-01
9.993835857696371505e-01 9.449283251678460838e-01 9.870553011623811601e-01 9.896970764353645311e-01 9.738464247974638610e-01 9.794955543458537806e-01 9.977104614300810193e-01 9.872314195139133552e-01 9.992955265938711085e-01 9.927417891489748181e-01 9.825642831983092407e-01 9.720852412821415767e-01 9.874955970412117034e-01 9.927417891489748181e-01 9.708524128214159887e-01 9.949806269813314952e-01 9.972701655512504759e-01 9.643440391943386425e-01 9.797463895737935635e-01 9.857344135258894191e-01
9.998238816484678049e-01 9.569043730720377949e-01 9.906657273687918819e-01 9.919866150052835119e-01 9.798344487495597166e-01 9.849392124841226392e-01 9.989432898908066072e-01 9.910179640718562721e-01 9.995597041211694567e-01 9.962801669388495762e-01 9.875836562169778565e-01 9.792180345191968671e-01 9.912821415991546203e-01 9.953728905824714701e-01 9.787777386403663238e-01 9.963895737935892782e-01 9.980626981331455205e-01 9.736889856650335906e-01 9.853821768228249178e-01 9.896970764353645311e-01
9.999119408242338469e-01 9.651605879150789713e-01 9.936597393448397542e-01 9.954209228601620385e-01 9.835329341317364804e-01 9.898385048085647231e-01 9.991194082423388023e-01 9.949806269813314952e-01 9.996477632969354987e-01 9.978225367446924565e-01 9.917224374779851637e-01 9.846777034166960263e-01 9.935716801690736011e-01 9.973688985665033480e-01 9.831806974286720902e-01 9.973582247270165180e-01 9.980626981331455205e-01 9.819452005080747670e-01 9.895209580838323360e-01 9.929552659387108626e-01
9.999119408242338469e-01 9.709671565958991613e-01 9.951567453328636903e-01 9.973582247270165180e-01 9.877597745685100517e-01 9.918345127925966009e-01 9.994716449454033036e-01 9.963015146178231252e-01 9.997358224727016518e-01 9.984576301941571197e-01 9.943642127509686457e-01 9.878478337442762047e-01 9.956851003874603867e-01 9.981854472872436768e-01 9.867030644593166588e-01 9.978865797816132144e-01 9.988552307150404541e-01 9.877517691888949569e-01 9.926030292356463614e-01 9.948045086297991890e-01
9.999119408242338469e-01 9.774088187261840144e-01 9.963895737935892782e-01 9.986791123635082590e-01 9.905776681930257288e-01 9.933768825984394812e-01 9.995597041211694567e-01 9.974462839027826710e-01 9.998238816484678049e-01 9.990927236436218939e-01 9.961253962662909300e-01 9.904896090172595757e-01 9.970059880239521277e-01 9.989112683723462283e-01 9.886403663261711383e-01 9.984149348362099108e-01 9.990313490665727603e-01 9.909272364362184948e-01 9.943642127509686457e-01 9.963895737935892782e-01
9.999119408242338469e-01 9.823988386862638755e-01 9.972701655512504759e-01 9.992955265938711085e-01 9.930433251144769047e-01 9.948285247686445842e-01 9.995597041211694567e-01 9.986791123635082590e-01 9.998238816484678049e-01 9.992741789148974485e-01 9.974462839027826710e-01 9.919866150052835119e-01 9.984149348362099108e-01 9.994556341861731141e-01 9.899612539626628793e-01 9.985910531877422169e-01 9.991194082423388023e-01 9.938305207766285898e-01 9.960373370905248880e-01 9.973582247270165180e-01
9.999119408242338469e-01 9.874795862819815140e-01 9.978865797816132144e-01 9.995597041211694567e-01 9.954209228601620385e-01 9.956450734893849130e-01 9.995597041211694567e-01 9.989432898908066072e-01 9.998238816484678049e-01 9.996370894574487798e-01 9.979746389573793675e-01 9.933955618175414060e-01 9.990313490665727603e-01 9.995463618218108914e-01 9.911060232476224252e-01 9.985910531877422169e-01 9.992074674181049554e-01 9.963708945744873535e-01 9.977104614300810193e-01 9.977985206058471723e-01
9.999119408242338469e-01 9.911994193431319378e-01 9.984149348362099108e-01 9.995597041211694567e-01 9.970940471997181698e-01 9.966430774814007965e-01 9.997358224727016518e-01 9.992074674181049554e-01 9.999119408242338469e-01 9.997278170930865571e-01 9.985910531877422169e-01 9.939239168721381024e-01 9.991194082423388023e-01 9.995463618218108914e-01 9.926030292356463614e-01 9.989432898908066072e-01 9.992074674181049554e-01 9.975503538377790136e-01 9.987671715392744121e-01 9.983268756604438687e-01
9.999119408242338469e-01 9.931954273271638156e-01 9.987671715392744121e-01 9.998238816484678049e-01 9.981507573089115626e-01 9.974596262021411253e-01 9.997358224727016518e-01 9.993835857696371505e-01 1.000000000000000000e+00 9.998185447287243344e-01 9.986791123635082590e-01 9.948925678055653421e-01 9.995597041211694567e-01 9.996370894574487798e-01 9.938358576963719493e-01 9.990313490665727603e-01 9.992955265938711085e-01 9.980039920159680111e-01 9.992074674181049554e-01 9.987671715392744121e-01
9.999119408242338469e-01 9.948285247686445842e-01 9.989432898908066072e-01 9.998238816484678049e-01 9.991194082423388023e-01 9.980039920159680111e-01 9.997358224727016518e-01 9.995597041211694567e-01 1.000000000000000000e+00 9.998185447287243344e-01 9.989432898908066072e-01 9.958612187389925818e-01 9.995597041211694567e-01 9.997278170930865571e-01 9.947164494540331470e-01 9.992955265938711085e-01 9.994716449454033036e-01 9.981854472872436768e-01 9.992074674181049554e-01 9.987671715392744121e-01
9.999119408242338469e-01 9.961894393032117989e-01 9.992074674181049554e-01 9.998238816484678049e-01 9.993835857696371505e-01 9.983669025585193424e-01 9.997358224727016518e-01 9.996477632969354987e-01 1.000000000000000000e+00 1.000000000000000000e+00 9.992074674181049554e-01 9.965656921451214734e-01 9.996477632969354987e-01 9.998185447287243344e-01 9.955089820359281916e-01 9.995597041211694567e-01 9.995597041211694567e-01 9.987298131010705626e-01 9.994716449454033036e-01 9.992074674181049554e-01
9.999119408242338469e-01 9.974596262021411253e-01 9.992955265938711085e-01 9.998238816484678049e-01 9.994716449454033036e-01 9.985483578297950080e-01 9.997358224727016518e-01 9.996477632969354987e-01 1.000000000000000000e+00 1.000000000000000000e+00 9.992074674181049554e-01 9.968298696724198216e-01 9.997358224727016518e-01 9.998185447287243344e-01 9.958612187389925818e-01 9.996477632969354987e-01 9.996477632969354987e-01 9.988205407367084510e-01 9.995597041211694567e-01 9.993835857696371505e-01
9.999119408242338469e-01 9.982761749228815651e-01 9.992955265938711085e-01 9.998238816484678049e-01 9.994716449454033036e-01 9.988205407367084510e-01 9.997358224727016518e-01 9.998238816484678049e-01 1.000000000000000000e+00 1.000000000000000000e+00 9.992955265938711085e-01 9.971821063754843228e-01 9.997358224727016518e-01 9.998185447287243344e-01 9.964776329693554313e-01 9.997358224727016518e-01 9.997358224727016518e-01 9.990927236436218939e-01 9.996477632969354987e-01 9.994716449454033036e-01
9.999119408242338469e-01 9.987298131010705626e-01 9.994716449454033036e-01 9.999119408242338469e-01 9.995597041211694567e-01 9.991834512792596712e-01 9.997358224727016518e-01 9.998238816484678049e-01 1.000000000000000000e+00 1.000000000000000000e+00 9.993835857696371505e-01 9.977985206058471723e-01 9.998238816484678049e-01 9.998185447287243344e-01 9.968298696724198216e-01 9.997358224727016518e-01 9.997358224727016518e-01 9.991834512792596712e-01 9.996477632969354987e-01 9.995597041211694567e-01
9.999119408242338469e-01 9.989112683723462283e-01 9.995597041211694567e-01 9.999119408242338469e-01 9.995597041211694567e-01 9.994556341861731141e-01 9.997358224727016518e-01 9.998238816484678049e-01 1.000000000000000000e+00 1.000000000000000000e+00 9.994716449454033036e-01 9.979746389573793675e-01 9.998238816484678049e-01 9.998185447287243344e-01 9.971821063754843228e-01 9.999119408242338469e-01 9.997358224727016518e-01 9.993649065505353368e-01 9.996477632969354987e-01 9.995597041211694567e-01
9.999119408242338469e-01 9.990019960079840056e-01 9.995597041211694567e-01 9.999119408242338469e-01 9.997358224727016518e-01 9.998185447287243344e-01 9.997358224727016518e-01 9.998238816484678049e-01 1.000000000000000000e+00 1.000000000000000000e+00 9.995597041211694567e-01 9.981507573089115626e-01 9.998238816484678049e-01 9.998185447287243344e-01 9.976224022543148662e-01 9.999119408242338469e-01 9.998238816484678049e-01 9.994556341861731141e-01 9.996477632969354987e-01 9.995597041211694567e-01
9.999119408242338469e-01 9.992741789148974485e-01 9.995597041211694567e-01 9.999119408242338469e-01 9.997358224727016518e-01 9.998185447287243344e-01 9.997358224727016518e-01 9.998238816484678049e-01 1.000000000000000000e+00 1.000000000000000000e+00 9.995597041211694567e-01 9.981507573089115626e-01 9.998238816484678049e-01 9.998185447287243344e-01 9.978865797816132144e-01 9.999119408242338469e-01 9.998238816484678049e-01 9.994556341861731141e-01 9.996477632969354987e-01 9.995597041211694567e-01
9.999119408242338469e-01 9.995463618218108914e-01 9.995597041211694567e-01 9.999119408242338469e-01 9.997358224727016518e-01 9.999092723643622227e-01 9.997358224727016518e-01 9.998238816484678049e-01 1.000000000000000000e+00 1.000000000000000000e+00 9.995597041211694567e-01 9.983268756604438687e-01 9.998238816484678049e-01 9.998185447287243344e-01 9.982388164846777157e-01 9.999119408242338469e-01 9.998238816484678049e-01 9.996370894574487798e-01 9.997358224727016518e-01 9.996477632969354987e-01
9.999119408242338469e-01 9.995463618218108914e-01 9.995597041211694567e-01 9.999119408242338469e-01 9.997358224727016518e-01 9.999092723643622227e-01 9.997358224727016518e-01 9.999119408242338469e-01 1.000000000000000000e+00 1.000000000000000000e+00 9.996477632969354987e-01 9.985029940119760639e-01 9.998238816484678049e-01 9.998185447287243344e-01 9.985910531877422169e-01 9.999119408242338469e-01 9.998238816484678049e-01 9.996370894574487798e-01 9.997358224727016518e-01 9.996477632969354987e-01
9.999119408242338469e-01 9.995463618218108914e-01 9.996477632969354987e-01 9.999119408242338469e-01 9.997358224727016518e-01 9.999092723643622227e-01 9.997358224727016518e-01 9.999119408242338469e-01 1.000000000000000000e+00 1.000000000000000000e+00 9.997358224727016518e-01 9.987671715392744121e-01 9.998238816484678049e-01 9.998185447287243344e-01 9.987671715392744121e-01 1.000000000000000000e+00 9.998238816484678049e-01 9.997278170930865571e-01 9.999119408242338469e-01 9.996477632969354987e-01
9.999119408242338469e-01 9.995463618218108914e-01 9.997358224727016518e-01 9.999119408242338469e-01 9.997358224727016518e-01 9.999092723643622227e-01 9.997358224727016518e-01 9.999119408242338469e-01 1.000000000000000000e+00 1.000000000000000000e+00 9.998238816484678049e-01 9.987671715392744121e-01 9.998238816484678049e-01 9.998185447287243344e-01 9.988552307150404541e-01 1.000000000000000000e+00 9.999119408242338469e-01 9.998185447287243344e-01 9.999119408242338469e-01 9.997358224727016518e-01
9.999119408242338469e-01 9.995463618218108914e-01 9.997358224727016518e-01 9.999119408242338469e-01 9.997358224727016518e-01 9.999092723643622227e-01 9.997358224727016518e-01 9.999119408242338469e-01 1.000000000000000000e+00 1.000000000000000000e+00 9.998238816484678049e-01 9.990313490665727603e-01 9.998238816484678049e-01 9.998185447287243344e-01 9.990313490665727603e-01 1.000000000000000000e+00 9.999119408242338469e-01 9.998185447287243344e-01 9.999119408242338469e-01 9.998238816484678049e-01
9.999119408242338469e-01 9.996370894574487798e-01 9.997358224727016518e-01 9.999119408242338469e-01 9.997358224727016518e-01 9.999092723643622227e-01 9.998238816484678049e-01 9.999119408242338469e-01 1.000000000000000000e+00 1.000000000000000000e+00 9.999119408242338469e-01 9.993835857696371505e-01 9.998238816484678049e-01 9.998185447287243344e-01 9.993835857696371505e-01 1.000000000000000000e+00 9.999119408242338469e-01 9.998185447287243344e-01 9.999119408242338469e-01 9.998238816484678049e-01
9.999119408242338469e-01 9.997278170930865571e-01 9.997358224727016518e-01 9.999119408242338469e-01 9.997358224727016518e-01 9.999092723643622227e-01 9.998238816484678049e-01 9.999119408242338469e-01 1.000000000000000000e+00 1.000000000000000000e+00 9.999119408242338469e-01 9.994716449454033036e-01 9.998238816484678049e-01 9.998185447287243344e-01 9.993835857696371505e-01 1.000000000000000000e+00 9.999119408242338469e-01 9.999092723643622227e-01 9.999119408242338469e-01 9.998238816484678049e-01
9.999119408242338469e-01 9.997278170930865571e-01 9.997358224727016518e-01 9.999119408242338469e-01 9.997358224727016518e-01 9.999092723643622227e-01 9.998238816484678049e-01 9.999119408242338469e-01 1.000000000000000000e+00 1.000000000000000000e+00 9.999119408242338469e-01 9.994716449454033036e-01 9.998238816484678049e-01 9.998185447287243344e-01 9.995597041211694567e-01 1.000000000000000000e+00 9.999119408242338469e-01 9.999092723643622227e-01 9.999119408242338469e-01 9.998238816484678049e-01
9.999119408242338469e-01 9.998185447287243344e-01 9.997358224727016518e-01 9.999119408242338469e-01 9.997358224727016518e-01 9.999092723643622227e-01 9.998238816484678049e-01 9.999119408242338469e-01 1.000000000000000000e+00 1.000000000000000000e+00 9.999119408242338469e-01 9.995597041211694567e-01 9.998238816484678049e-01 9.998185447287243344e-01 9.995597041211694567e-01 1.000000000000000000e+00 9.999119408242338469e-01 9.999092723643622227e-01 9.999119408242338469e-01 9.999119408242338469e-01
9.999119408242338469e-01 9.998185447287243344e-01 9.998238816484678049e-01 9.999119408242338469e-01 9.997358224727016518e-01 9.999092723643622227e-01 9.998238816484678049e-01 9.999119408242338469e-01 1.000000000000000000e+00 1.000000000000000000e+00 9.999119408242338469e-01 9.995597041211694567e-01 9.998238816484678049e-01 9.998185447287243344e-01 9.995597041211694567e-01 1.000000000000000000e+00 9.999119408242338469e-01 9.999092723643622227e-01 9.999119408242338469e-01 9.999119408242338469e-01
9.999119408242338469e-01 9.998185447287243344e-01 9.998238816484678049e-01 9.999119408242338469e-01 9.997358224727016518e-01 9.999092723643622227e-01 9.998238816484678049e-01 9.999119408242338469e-01 1.000000000000000000e+00 1.000000000000000000e+00 9.999119408242338469e-01 9.995597041211694567e-01 9.998238816484678049e-01 9.998185447287243344e-01 9.995597041211694567e-01 1.000000000000000000e+00 9.999119408242338469e-01 1.000000000000000000e+00 9.999119408242338469e-01 9.999119408242338469e-01
9.999119408242338469e-01 9.998185447287243344e-01 9.998238816484678049e-01 9.999119408242338469e-01 9.997358224727016518e-01 9.999092723643622227e-01 9.998238816484678049e-01 9.999119408242338469e-01 1.000000000000000000e+00 1.000000000000000000e+00 9.999119408242338469e-01 9.995597041211694567e-01 9.998238816484678049e-01 9.998185447287243344e-01 9.995597041211694567e-01 1.000000000000000000e+00 9.999119408242338469e-01 1.000000000000000000e+00 9.999119408242338469e-01 9.999119408242338469e-01
9.999119408242338469e-01 9.998185447287243344e-01 9.998238816484678049e-01 1.000000000000000000e+00 9.997358224727016518e-01 9.999092723643622227e-01 9.999119408242338469e-01 9.999119408242338469e-01 1.000000000000000000e+00 1.000000000000000000e+00 9.999119408242338469e-01 9.996477632969354987e-01 9.998238816484678049e-01 9.998185447287243344e-01 9.995597041211694567e-01 1.000000000000000000e+00 9.999119408242338469e-01 1.000000000000000000e+00 9.999119408242338469e-01 9.999119408242338469e-01
9.999119408242338469e-01 9.998185447287243344e-01 9.999119408242338469e-01 1.000000000000000000e+00 9.997358224727016518e-01 9.999092723643622227e-01 9.999119408242338469e-01 9.999119408242338469e-01 1.000000000000000000e+00 1.000000000000000000e+00 9.999119408242338469e-01 9.996477632969354987e-01 9.999119408242338469e-01 9.998185447287243344e-01 9.995597041211694567e-01 1.000000000000000000e+00 9.999119408242338469e-01 1.000000000000000000e+00 9.999119408242338469e-01 9.999119408242338469e-01
9.999119408242338469e-01 9.998185447287243344e-01 9.999119408242338469e-01 1.000000000000000000e+00 9.997358224727016518e-01 9.999092723643622227e-01 9.999119408242338469e-01 9.999119408242338469e-01 1.000000000000000000e+00 1.000000000000000000e+00 9.999119408242338469e-01 9.997358224727016518e-01 9.999119408242338469e-01 9.998185447287243344e-01 9.995597041211694567e-01 1.000000000000000000e+00 9.999119408242338469e-01 1.000000000000000000e+00 1.000000000000000000e+00 9.999119408242338469e-01
9.999119408242338469e-01 9.999092723643622227e-01 9.999119408242338469e-01 1.000000000000000000e+00 9.997358224727016518e-01 9.999092723643622227e-01 9.999119408242338469e-01 9.999119408242338469e-01 1.000000000000000000e+00 1.000000000000000000e+00 9.999119408242338469e-01 9.997358224727016518e-01 9.999119408242338469e-01 9.998185447287243344e-01 9.995597041211694567e-01 1.000000000000000000e+00 9.999119408242338469e-01 1.000000000000000000e+00 1.000000000000000000e+00 9.999119408242338469e-01
9.999119408242338469e-01 9.999092723643622227e-01 9.999119408242338469e-01 1.000000000000000000e+00 9.997358224727016518e-01 9.999092723643622227e-01 9.999119408242338469e-01 9.999119408242338469e-01 1.000000000000000000e+00 1.000000000000000000e+00 9.999119408242338469e-01 9.997358224727016518e-01 9.999119408242338469e-01 9.998185447287243344e-01 9.995597041211694567e-01 1.000000000000000000e+00 9.999119408242338469e-01 1.000000000000000000e+00 1.000000000000000000e+00 1.000000000000000000e+00
9.999119408242338469e-01 9.999092723643622227e-01 9.999119408242338469e-01 1.000000000000000000e+00 9.997358224727016518e-01 9.999092723643622227e-01 9.999119408242338469e-01 9.999119408242338469e-01 1.000000000000000000e+00 1.000000000000000000e+00 9.999119408242338469e-01 9.997358224727016518e-01 9.999119408242338469e-01 9.998185447287243344e-01 9.995597041211694567e-01 1.000000000000000000e+00 9.999119408242338469e-01 1.000000000000000000e+00 1.000000000000000000e+00 1.000000000000000000e+00
9.999119408242338469e-01 9.999092723643622227e-01 9.999119408242338469e-01 1.000000000000000000e+00 9.997358224727016518e-01 9.999092723643622227e-01 9.999119408242338469e-01 9.999119408242338469e-01 1.000000000000000000e+00 1.000000000000000000e+00 9.999119408242338469e-01 9.997358224727016518e-01 9.999119408242338469e-01 9.998185447287243344e-01 9.996477632969354987e-01 1.000000000000000000e+00 9.999119408242338469e-01 1.000000000000000000e+00 1.000000000000000000e+00 1.000000000000000000e+00
9.999119408242338469e-01 9.999092723643622227e-01 9.999119408242338469e-01 1.000000000000000000e+00 9.997358224727016518e-01 9.999092723643622227e-01 9.999119408242338469e-01 9.999119408242338469e-01 1.000000000000000000e+00 1.000000000000000000e+00 9.999119408242338469e-01 9.997358224727016518e-01 9.999119408242338469e-01 9.998185447287243344e-01 9.997358224727016518e-01 1.000000000000000000e+00 9.999119408242338469e-01 1.000000000000000000e+00 1.000000000000000000e+00 1.000000000000000000e+00
9.999119408242338469e-01 9.999092723643622227e-01 9.999119408242338469e-01 1.000000000000000000e+00 9.997358224727016518e-01 9.999092723643622227e-01 9.999119408242338469e-01 9.999119408242338469e-01 1.000000000000000000e+00 1.000000000000000000e+00 9.999119408242338469e-01 9.997358224727016518e-01 9.999119408242338469e-01 9.998185447287243344e-01 9.997358224727016518e-01 1.000000000000000000e+00 9.999119408242338469e-01 1.000000000000000000e+00 1.000000000000000000e+00 1.000000000000000000e+00
9.999119408242338469e-01 9.999092723643622227e-01 9.999119408242338469e-01 1.000000000000000000e+00 9.997358224727016518e-01 9.999092723643622227e-01 9.999119408242338469e-01 9.999119408242338469e-01 1.000000000000000000e+00 1.000000000000000000e+00 9.999119408242338469e-01 9.997358224727016518e-01 9.999119408242338469e-01 9.998185447287243344e-01 9.997358224727016518e-01 1.000000000000000000e+00 9.999119408242338469e-01 1.000000000000000000e+00 1.000000000000000000e+00 1.000000000000000000e+00
9.999119408242338469e-01 9.999092723643622227e-01 9.999119408242338469e-01 1.000000000000000000e+00 9.997358224727016518e-01 9.999092723643622227e-01 9.999119408242338469e-01 9.999119408242338469e-01 1.000000000000000000e+00 1.000000000000000000e+00 9.999119408242338469e-01 9.997358224727016518e-01 9.999119408242338469e-01 9.998185447287243344e-01 9.997358224727016518e-01 1.000000000000000000e+00 9.999119408242338469e-01 1.000000000000000000e+00 1.000000000000000000e+00 1.000000000000000000e+00
9.999119408242338469e-01 9.999092723643622227e-01 9.999119408242338469e-01 1.000000000000000000e+00 9.997358224727016518e-01 9.999092723643622227e-01 9.999119408242338469e-01 9.999119408242338469e-01 1.000000000000000000e+00 1.000000000000000000e+00 9.999119408242338469e-01 9.997358224727016518e-01 9.999119408242338469e-01 9.998185447287243344e-01 9.997358224727016518e-01 1.000000000000000000e+00 9.999119408242338469e-01 1.000000000000000000e+00 1.000000000000000000e+00 1.000000000000000000e+00
9.999119408242338469e-01 9.999092723643622227e-01 9.999119408242338469e-01 1.000000000000000000e+00 9.997358224727016518e-01 9.999092723643622227e-01 9.999119408242338469e-01 9.999119408242338469e-01 1.000000000000000000e+00 1.000000000000000000e+00 9.999119408242338469e-01 9.997358224727016518e-01 9.999119408242338469e-01 9.998185447287243344e-01 9.998238816484678049e-01 1.000000000000000000e+00 9.999119408242338469e-01 1.000000000000000000e+00 1.000000000000000000e+00 1.000000000000000000e+00
9.999119408242338469e-01 9.999092723643622227e-01 9.999119408242338469e-01 1.000000000000000000e+00 9.998238816484678049e-01 9.999092723643622227e-01 9.999119408242338469e-01 9.999119408242338469e-01 1.000000000000000000e+00 1.000000000000000000e+00 9.999119408242338469e-01 9.997358224727016518e-01 9.999119408242338469e-01 9.998185447287243344e-01 9.998238816484678049e-01 1.000000000000000000e+00 9.999119408242338469e-01 1.000000000000000000e+00 1.000000000000000000e+00 1.000000000000000000e+00
1.000000000000000000e+00 9.999092723643622227e-01 9.999119408242338469e-01 1.000000000000000000e+00 9.998238816484678049e-01 9.999092723643622227e-01 9.999119408242338469e-01 9.999119408242338469e-01 1.000000000000000000e+00 1.000000000000000000e+00 9.999119408242338469e-01 9.997358224727016518e-01 1.000000000000000000e+00 9.998185447287243344e-01 9.998238816484678049e-01 1.000000000000000000e+00 9.999119408242338469e-01 1.000000000000000000e+00 1.000000000000000000e+00 1.000000000000000000e+00
1.000000000000000000e+00 9.999092723643622227e-01 9.999119408242338469e-01 1.000000000000000000e+00 9.998238816484678049e-01 1.000000000000000000e+00 9.999119408242338469e-01 9.999119408242338469e-01 1.000000000000000000e+00 1.000000000000000000e+00 9.999119408242338469e-01 9.997358224727016518e-01 1.000000000000000000e+00 9.998185447287243344e-01 9.998238816484678049e-01 1.000000000000000000e+00 9.999119408242338469e-01 1.000000000000000000e+00 1.000000000000000000e+00 1.000000000000000000e+00
1.000000000000000000e+00 9.999092723643622227e-01 9.999119408242338469e-01 1.000000000000000000e+00 9.998238816484678049e-01 1.000000000000000000e+00 9.999119408242338469e-01 9.999119408242338469e-01 1.000000000000000000e+00 1.000000000000000000e+00 9.999119408242338469e-01 9.997358224727016518e-01 1.000000000000000000e+00 9.998185447287243344e-01 9.998238816484678049e-01 1.000000000000000000e+00 9.999119408242338469e-01 1.000000000000000000e+00 1.000000000000000000e+00 1.000000000000000000e+00
1.000000000000000000e+00 9.999092723643622227e-01 1.000000000000000000e+00 1.000000000000000000e+00 9.998238816484678049e-01 1.000000000000000000e+00 9.999119408242338469e-01 9.999119408242338469e-01 1.000000000000000000e+00 1.000000000000000000e+00 9.999119408242338469e-01 9.997358224727016518e-01 1.000000000000000000e+00 9.998185447287243344e-01 9.998238816484678049e-01 1.000000000000000000e+00 9.999119408242338469e-01 1.000000000000000000e+00 1.000000000000000000e+00 1.000000000000000000e+00
1.000000000000000000e+00 9.999092723643622227e-01 1.000000000000000000e+00 1.000000000000000000e+00 9.998238816484678049e-01 1.000000000000000000e+00 9.999119408242338469e-01 9.999119408242338469e-01 1.000000000000000000e+00 1.000000000000000000e+00 9.999119408242338469e-01 9.997358224727016518e-01 1.000000000000000000e+00 9.998185447287243344e-01 9.998238816484678049e-01 1.000000000000000000e+00 9.999119408242338469e-01 1.000000000000000000e+00 1.000000000000000000e+00 1.000000000000000000e+00
1.000000000000000000e+00 9.999092723643622227e-01 1.000000000000000000e+00 1.000000000000000000e+00 9.998238816484678049e-01 1.000000000000000000e+00 9.999119408242338469e-01 9.999119408242338469e-01 1.000000000000000000e+00 1.000000000000000000e+00 9.999119408242338469e-01 9.997358224727016518e-01 1.000000000000000000e+00 9.998185447287243344e-01 9.998238816484678049e-01 1.000000000000000000e+00 9.999119408242338469e-01 1.000000000000000000e+00 1.000000000000000000e+00 1.000000000000000000e+00
1.000000000000000000e+00 9.999092723643622227e-01 1.000000000000000000e+00 1.000000000000000000e+00 9.998238816484678049e-01 1.000000000000000000e+00 9.999119408242338469e-01 9.999119408242338469e-01 1.000000000000000000e+00 1.000000000000000000e+00 9.999119408242338469e-01 9.997358224727016518e-01 1.000000000000000000e+00 9.998185447287243344e-01 9.998238816484678049e-01 1.000000000000000000e+00 9.999119408242338469e-01 1.000000000000000000e+00 1.000000000000000000e+00 1.000000000000000000e+00
1.000000000000000000e+00 9.999092723643622227e-01 1.000000000000000000e+00 1.000000000000000000e+00 9.998238816484678049e-01 1.000000000000000000e+00 1.000000000000000000e+00 9.999119408242338469e-01 1.000000000000000000e+00 1.000000000000000000e+00 9.999119408242338469e-01 9.997358224727016518e-01 1.000000000000000000e+00 9.998185447287243344e-01 9.998238816484678049e-01 1.000000000000000000e+00 9.999119408242338469e-01 1.000000000000000000e+00 1.000000000000000000e+00 1.000000000000000000e+00
1.000000000000000000e+00 9.999092723643622227e-01 1.000000000000000000e+00 1.000000000000000000e+00 9.998238816484678049e-01 1.000000000000000000e+00 1.000000000000000000e+00 9.999119408242338469e-01 1.000000000000000000e+00 1.000000000000000000e+00 9.999119408242338469e-01 9.997358224727016518e-01 1.000000000000000000e+00 9.998185447287243344e-01 9.998238816484678049e-01 1.000000000000000000e+00 9.999119408242338469e-01 1.000000000000000000e+00 1.000000000000000000e+00 1.000000000000000000e+00
1.000000000000000000e+00 9.999092723643622227e-01 1.000000000000000000e+00 1.000000000000000000e+00 9.998238816484678049e-01 1.000000000000000000e+00 1.000000000000000000e+00 9.999119408242338469e-01 1.000000000000000000e+00 1.000000000000000000e+00 1.000000000000000000e+00 9.997358224727016518e-01 1.000000000000000000e+00 9.998185447287243344e-01 9.998238816484678049e-01 1.000000000000000000e+00 9.999119408242338469e-01 1.000000000000000000e+00 1.000000000000000000e+00 1.000000000000000000e+00
1.000000000000000000e+00 9.999092723643622227e-01 1.000000000000000000e+00 1.000000000000000000e+00 9.998238816484678049e-01 1.000000000000000000e+00 1.000000000000000000e+00 9.999119408242338469e-01 1.000000000000000000e+00 1.000000000000000000e+00 1.000000000000000000e+00 9.997358224727016518e-01 1.000000000000000000e+00 9.998185447287243344e-01 9.998238816484678049e-01 1.000000000000000000e+00 9.999119408242338469e-01 1.000000000000000000e+00 1.000000000000000000e+00 1.000000000000000000e+00
1.000000000000000000e+00 9.999092723643622227e-01 1.000000000000000000e+00 1.000000000000000000e+00 9.998238816484678049e-01 1.000000000000000000e+00 1.000000000000000000e+00 9.999119408242338469e-01 1.000000000000000000e+00 1.000000000000000000e+00 1.000000000000000000e+00 9.997358224727016518e-01 1.000000000000000000e+00 9.998185447287243344e-01 9.998238816484678049e-01 1.000000000000000000e+00 9.999119408242338469e-01 1.000000000000000000e+00 1.000000000000000000e+00 1.000000000000000000e+00
1.000000000000000000e+00 9.999092723643622227e-01 1.000000000000000000e+00 1.000000000000000000e+00 9.998238816484678049e-01 1.000000000000000000e+00 1.000000000000000000e+00 9.999119408242338469e-01 1.000000000000000000e+00 1.000000000000000000e+00 1.000000000000000000e+00 9.998238816484678049e-01 1.000000000000000000e+00 9.998185447287243344e-01 9.998238816484678049e-01 1.000000000000000000e+00 9.999119408242338469e-01 1.000000000000000000e+00 1.000000000000000000e+00 1.000000000000000000e+00
1.000000000000000000e+00 9.999092723643622227e-01 1.000000000000000000e+00 1.000000000000000000e+00 9.998238816484678049e-01 1.000000000000000000e+00 1.000000000000000000e+00 9.999119408242338469e-01 1.000000000000000000e+00 1.000000000000000000e+00 1.000000000000000000e+00 9.998238816484678049e-01 1.000000000000000000e+00 9.998185447287243344e-01 9.998238816484678049e-01 1.000000000000000000e+00 9.999119408242338469e-01 1.000000000000000000e+00 1.000000000000000000e+00 1.000000000000000000e+00
1.000000000000000000e+00 9.999092723643622227e-01 1.000000000000000000e+00 1.000000000000000000e+00 9.998238816484678049e-01 1.000000000000000000e+00 1.000000000000000000e+00 9.999119408242338469e-01 1.000000000000000000e+00 1.000000000000000000e+00 1.000000000000000000e+00 9.998238816484678049e-01 1.000000000000000000e+00 9.998185447287243344e-01 9.998238816484678049e-01 1.000000000000000000e+00 9.999119408242338469e-01 1.000000000000000000e+00 1.000000000000000000e+00 1.000000000000000000e+00
1.000000000000000000e+00 9.999092723643622227e-01 1.000000000000000000e+00 1.000000000000000000e+00 9.998238816484678049e-01 1.000000000000000000e+00 1.000000000000000000e+00 9.999119408242338469e-01 1.000000000000000000e+00 1.000000000000000000e+00 1.000000000000000000e+00 9.998238816484678049e-01 1.000000000000000000e+00 9.998185447287243344e-01 9.998238816484678049e-01 1.000000000000000000e+00 9.999119408242338469e-01 1.000000000000000000e+00 1.000000000000000000e+00 1.000000000000000000e+00
1.000000000000000000e+00 9.999092723643622227e-01 1.000000000000000000e+00 1.000000000000000000e+00 9.998238816484678049e-01 1.000000000000000000e+00 1.000000000000000000e+00 9.999119408242338469e-01 1.000000000000000000e+00 1.000000000000000000e+00 1.000000000000000000e+00 9.998238816484678049e-01 1.000000000000000000e+00 9.998185447287243344e-01 9.999119408242338469e-01 1.000000000000000000e+00 9.999119408242338469e-01 1.000000000000000000e+00 1.000000000000000000e+00 1.000000000000000000e+00
1.000000000000000000e+00 9.999092723643622227e-01 1.000000000000000000e+00 1.000000000000000000e+00 9.998238816484678049e-01 1.000000000000000000e+00 1.000000000000000000e+00 9.999119408242338469e-01 1.000000000000000000e+00 1.000000000000000000e+00 1.000000000000000000e+00 9.998238816484678049e-01 1.000000000000000000e+00 9.998185447287243344e-01 9.999119408242338469e-01 1.000000000000000000e+00 9.999119408242338469e-01 1.000000000000000000e+00 1.000000000000000000e+00 1.000000000000000000e+00
1.000000000000000000e+00 9.999092723643622227e-01 1.000000000000000000e+00 1.000000000000000000e+00 9.998238816484678049e-01 1.000000000000000000e+00 1.000000000000000000e+00 1.000000000000000000e+00 1.000000000000000000e+00 1.000000000000000000e+00 1.000000000000000000e+00 9.998238816484678049e-01 1.000000000000000000e+00 9.998185447287243344e-01 9.999119408242338469e-01 1.000000000000000000e+00 9.999119408242338469e-01 1.000000000000000000e+00 1.000000000000000000e+00 1.000000000000000000e+00
1.000000000000000000e+00 9.999092723643622227e-01 1.000000000000000000e+00 1.000000000000000000e+00 9.998238816484678049e-01 1.000000000000000000e+00 1.000000000000000000e+00 1.000000000000000000e+00 1.000000000000000000e+00 1.000000000000000000e+00 1.000000000000000000e+00 9.998238816484678049e-01 1.000000000000000000e+00 9.998185447287243344e-01 9.999119408242338469e-01 1.000000000000000000e+00 9.999119408242338469e-01 1.000000000000000000e+00 1.000000000000000000e+00 1.000000000000000000e+00
1.000000000000000000e+00 9.999092723643622227e-01 1.000000000000000000e+00 1.000000000000000000e+00 9.998238816484678049e-01 1.000000000000000000e+00 1.000000000000000000e+00 1.000000000000000000e+00 1.000000000000000000e+00 1.000000000000000000e+00 1.000000000000000000e+00 9.998238816484678049e-01 1.000000000000000000e+00 9.998185447287243344e-01 9.999119408242338469e-01 1.000000000000000000e+00 9.999119408242338469e-01 1.000000000000000000e+00 1.000000000000000000e+00 1.000000000000000000e+00
1.000000000000000000e+00 9.999092723643622227e-01 1.000000000000000000e+00 1.000000000000000000e+00 9.998238816484678049e-01 1.000000000000000000e+00 1.000000000000000000e+00 1.000000000000000000e+00 1.000000000000000000e+00 1.000000000000000000e+00 1.000000000000000000e+00 9.998238816484678049e-01 1.000000000000000000e+00 9.998185447287243344e-01 9.999119408242338469e-01 1.000000000000000000e+00 9.999119408242338469e-01 1.000000000000000000e+00 1.000000000000000000e+00 1.000000000000000000e+00
1.000000000000000000e+00 9.999092723643622227e-01 1.000000000000000000e+00 1.000000000000000000e+00 9.998238816484678049e-01 1.000000000000000000e+00 1.000000000000000000e+00 1.000000000000000000e+00 1.000000000000000000e+00 1.000000000000000000e+00 1.000000000000000000e+00 9.998238816484678049e-01 1.000000000000000000e+00 9.998185447287243344e-01 9.999119408242338469e-01 1.000000000000000000e+00 1.000000000000000000e+00 1.000000000000000000e+00 1.000000000000000000e+00 1.000000000000000000e+00
1.000000000000000000e+00 9.999092723643622227e-01 1.000000000000000000e+00 1.000000000000000000e+00 9.998238816484678049e-01 1.000000000000000000e+00 1.000000000000000000e+00 1.000000000000000000e+00 1.000000000000000000e+00 1.000000000000000000e+00 1.000000000000000000e+00 9.998238816484678049e-01 1.000000000000000000e+00 9.998185447287243344e-01 9.999119408242338469e-01 1.000000000000000000e+00 1.000000000000000000e+00 1.000000000000000000e+00 1.000000000000000000e+00 1.000000000000000000e+00
1.000000000000000000e+00 9.999092723643622227e-01 1.000000000000000000e+00 1.000000000000000000e+00 9.998238816484678049e-01 1.000000000000000000e+00 1.000000000000000000e+00 1.000000000000000000e+00 1.000000000000000000e+00 1.000000000000000000e+00 1.000000000000000000e+00 9.998238816484678049e-01 1.000000000000000000e+00 9.998185447287243344e-01 9.999119408242338469e-01 1.000000000000000000e+00 1.000000000000000000e+00 1.000000000000000000e+00 1.000000000000000000e+00 1.000000000000000000e+00
1.000000000000000000e+00 9.999092723643622227e-01 1.000000000000000000e+00 1.000000000000000000e+00 9.998238816484678049e-01 1.000000000000000000e+00 1.000000000000000000e+00 1.000000000000000000e+00 1.000000000000000000e+00 1.000000000000000000e+00 1.000000000000000000e+00 9.999119408242338469e-01 1.000000000000000000e+00 9.998185447287243344e-01 9.999119408242338469e-01 1.000000000000000000e+00 1.000000000000000000e+00 1.000000000000000000e+00 1.000000000000000000e+00 1.000000000000000000e+00
1.000000000000000000e+00 9.999092723643622227e-01 1.000000000000000000e+00 1.000000000000000000e+00 9.998238816484678049e-01 1.000000000000000000e+00 1.000000000000000000e+00 1.000000000000000000e+00 1.000000000000000000e+00 1.000000000000000000e+00 1.000000000000000000e+00 9.999119408242338469e-01 1.000000000000000000e+00 9.998185447287243344e-01 9.999119408242338469e-01 1.000000000000000000e+00 1.000000000000000000e+00 1.000000000000000000e+00 1.000000000000000000e+00 1.000000000000000000e+00
1.000000000000000000e+00 9.999092723643622227e-01 1.000000000000000000e+00 1.000000000000000000e+00 9.998238816484678049e-01 1.000000000000000000e+00 1.000000000000000000e+00 1.000000000000000000e+00 1.000000000000000000e+00 1.000000000000000000e+00 1.000000000000000000e+00 9.999119408242338469e-01 1.000000000000000000e+00 9.998185447287243344e-01 9.999119408242338469e-01 1.000000000000000000e+00 1.000000000000000000e+00 1.000000000000000000e+00 1.000000000000000000e+00 1.000000000000000000e+00
1.000000000000000000e+00 9.999092723643622227e-01 1.000000000000000000e+00 1.000000000000000000e+00 9.998238816484678049e-01 1.000000000000000000e+00 1.000000000000000000e+00 1.000000000000000000e+00 1.000000000000000000e+00 1.000000000000000000e+00 1.000000000000000000e+00 9.999119408242338469e-01 1.000000000000000000e+00 9.998185447287243344e-01 9.999119408242338469e-01 1.000000000000000000e+00 1.000000000000000000e+00 1.000000000000000000e+00 1.000000000000000000e+00 1.000000000000000000e+00
1.000000000000000000e+00 9.999092723643622227e-01 1.000000000000000000e+00 1.000000000000000000e+00 9.998238816484678049e-01 1.000000000000000000e+00 1.000000000000000000e+00 1.000000000000000000e+00 1.000000000000000000e+00 1.000000000000000000e+00 1.000000000000000000e+00 9.999119408242338469e-01 1.000000000000000000e+00 9.998185447287243344e-01 9.999119408242338469e-01 1.000000000000000000e+00 1.000000000000000000e+00 1.000000000000000000e+00 1.000000000000000000e+00 1.000000000000000000e+00
1.000000000000000000e+00 9.999092723643622227e-01 1.000000000000000000e+00 1.000000000000000000e+00 9.998238816484678049e-01 1.000000000000000000e+00 1.000000000000000000e+00 1.000000000000000000e+00 1.000000000000000000e+00 1.000000000000000000e+00 1.000000000000000000e+00 9.999119408242338469e-01 1.000000000000000000e+00 9.998185447287243344e-01 9.999119408242338469e-01 1.000000000000000000e+00 1.000000000000000000e+00 1.000000000000000000e+00 1.000000000000000000e+00 1.000000000000000000e+00
1.000000000000000000e+00 9.999092723643622227e-01 1.000000000000000000e+00 1.000000000000000000e+00 9.998238816484678049e-01 1.000000000000000000e+00 1.000000000000000000e+00 1.000000000000000000e+00 1.000000000000000000e+00 1.000000000000000000e+00 1.000000000000000000e+00 9.999119408242338469e-01 1.000000000000000000e+00 9.998185447287243344e-01 9.999119408242338469e-01 1.000000000000000000e+00 1.000000000000000000e+00 1.000000000000000000e+00 1.000000000000000000e+00 1.000000000000000000e+00
1.000000000000000000e+00 9.999092723643622227e-01 1.000000000000000000e+00 1.000000000000000000e+00 9.998238816484678049e-01 1.000000000000000000e+00 1.000000000000000000e+00 1.000000000000000000e+00 1.000000000000000000e+00 1.000000000000000000e+00 1.000000000000000000e+00 9.999119408242338469e-01 1.000000000000000000e+00 9.998185447287243344e-01 9.999119408242338469e-01 1.000000000000000000e+00 1.000000000000000000e+00 1.000000000000000000e+00 1.000000000000000000e+00 1.000000000000000000e+00
1.000000000000000000e+00 9.999092723643622227e-01 1.000000000000000000e+00 1.000000000000000000e+00 9.998238816484678049e-01 1.000000000000000000e+00 1.000000000000000000e+00 1.000000000000000000e+00 1.000000000000000000e+00 1.000000000000000000e+00 1.000000000000000000e+00 9.999119408242338469e-01 1.000000000000000000e+00 9.998185447287243344e-01 9.999119408242338469e-01 1.000000000000000000e+00 1.000000000000000000e+00 1.000000000000000000e+00 1.000000000000000000e+00 1.000000000000000000e+00
1.000000000000000000e+00 9.999092723643622227e-01 1.000000000000000000e+00 1.000000000000000000e+00 9.999119408242338469e-01 1.000000000000000000e+00 1.000000000000000000e+00 1.000000000000000000e+00 1.000000000000000000e+00 1.000000000000000000e+00 1.000000000000000000e+00 9.999119408242338469e-01 1.000000000000000000e+00 9.998185447287243344e-01 9.999119408242338469e-01 1.000000000000000000e+00 1.000000000000000000e+00 1.000000000000000000e+00 1.000000000000000000e+00 1.000000000000000000e+00
1.000000000000000000e+00 9.999092723643622227e-01 1.000000000000000000e+00 1.000000000000000000e+00 9.999119408242338469e-01 1.000000000000000000e+00 1.000000000000000000e+00 1.000000000000000000e+00 1.000000000000000000e+00 1.000000000000000000e+00 1.000000000000000000e+00 9.999119408242338469e-01 1.000000000000000000e+00 9.998185447287243344e-01 9.999119408242338469e-01 1.000000000000000000e+00 1.000000000000000000e+00 1.000000000000000000e+00 1.000000000000000000e+00 1.000000000000000000e+00
1.000000000000000000e+00 9.999092723643622227e-01 1.000000000000000000e+00 1.000000000000000000e+00 9.999119408242338469e-01 1.000000000000000000e+00 1.000000000000000000e+00 1.000000000000000000e+00 1.000000000000000000e+00 1.000000000000000000e+00 1.000000000000000000e+00 9.999119408242338469e-01 1.000000000000000000e+00 9.998185447287243344e-01 9.999119408242338469e-01 1.000000000000000000e+00 1.000000000000000000e+00 1.000000000000000000e+00 1.000000000000000000e+00 1.000000000000000000e+00
1.000000000000000000e+00 9.999092723643622227e-01 1.000000000000000000e+00 1.000000000000000000e+00 9.999119408242338469e-01 1.000000000000000000e+00 1.000000000000000000e+00 1.000000000000000000e+00 1.000000000000000000e+00 1.000000000000000000e+00 1.000000000000000000e+00 9.999119408242338469e-01 1.000000000000000000e+00 9.998185447287243344e-01 9.999119408242338469e-01 1.000000000000000000e+00 1.000000000000000000e+00 1.000000000000000000e+00 1.000000000000000000e+00 1.000000000000000000e+00
1.000000000000000000e+00 9.999092723643622227e-01 1.000000000000000000e+00 1.000000000000000000e+00 9.999119408242338469e-01 1.000000000000000000e+00 1.000000000000000000e+00 1.000000000000000000e+00 1.000000000000000000e+00 1.000000000000000000e+00 1.000000000000000000e+00 9.999119408242338469e-01 1.000000000000000000e+00 9.998185447287243344e-01 9.999119408242338469e-01 1.000000000000000000e+00 1.000000000000000000e+00 1.000000000000000000e+00 1.000000000000000000e+00 1.000000000000000000e+00
1.000000000000000000e+00 9.999092723643622227e-01 1.000000000000000000e+00 1.000000000000000000e+00 9.999119408242338469e-01 1.000000000000000000e+00 1.000000000000000000e+00 1.000000000000000000e+00 1.000000000000000000e+00 1.000000000000000000e+00 1.000000000000000000e+00 9.999119408242338469e-01 1.000000000000000000e+00 9.999092723643622227e-01 9.999119408242338469e-01 1.000000000000000000e+00 1.000000000000000000e+00 1.000000000000000000e+00 1.000000000000000000e+00 1.000000000000000000e+00
1.000000000000000000e+00 9.999092723643622227e-01 1.000000000000000000e+00 1.000000000000000000e+00 9.999119408242338469e-01 1.000000000000000000e+00 1.000000000000000000e+00 1.000000000000000000e+00 1.000000000000000000e+00 1.000000000000000000e+00 1.000000000000000000e+00 9.999119408242338469e-01 1.000000000000000000e+00 9.999092723643622227e-01 9.999119408242338469e-01 1.000000000000000000e+00 1.000000000000000000e+00 1.000000000000000000e+00 1.000000000000000000e+00 1.000000000000000000e+00
1.000000000000000000e+00 9.999092723643622227e-01 1.000000000000000000e+00 1.000000000000000000e+00 9.999119408242338469e-01 1.000000000000000000e+00 1.000000000000000000e+00 1.000000000000000000e+00 1.000000000000000000e+00 1.000000000000000000e+00 1.000000000000000000e+00 9.999119408242338469e-01 1.000000000000000000e+00 9.999092723643622227e-01 9.999119408242338469e-01 1.000000000000000000e+00 1.000000000000000000e+00 1.000000000000000000e+00 1.000000000000000000e+00 1.000000000000000000e+00
1.000000000000000000e+00 9.999092723643622227e-01 1.000000000000000000e+00 1.000000000000000000e+00 9.999119408242338469e-01 1.000000000000000000e+00 1.000000000000000000e+00 1.000000000000000000e+00 1.000000000000000000e+00 1.000000000000000000e+00 1.000000000000000000e+00 9.999119408242338469e-01 1.000000000000000000e+00 9.999092723643622227e-01 9.999119408242338469e-01 1.000000000000000000e+00 1.000000000000000000e+00 1.000000000000000000e+00 1.000000000000000000e+00 1.000000000000000000e+00
1.000000000000000000e+00 9.999092723643622227e-01 1.000000000000000000e+00 1.000000000000000000e+00 9.999119408242338469e-01 1.000000000000000000e+00 1.000000000000000000e+00 1.000000000000000000e+00 1.000000000000000000e+00 1.000000000000000000e+00 1.000000000000000000e+00 9.999119408242338469e-01 1.000000000000000000e+00 9.999092723643622227e-01 9.999119408242338469e-01 1.000000000000000000e+00 1.000000000000000000e+00 1.000000000000000000e+00 1.000000000000000000e+00 1.000000000000000000e+00
1.000000000000000000e+00 9.999092723643622227e-01 1.000000000000000000e+00 1.000000000000000000e+00 9.999119408242338469e-01 1.000000000000000000e+00 1.000000000000000000e+00 1.000000000000000000e+00 1.000000000000000000e+00 1.000000000000000000e+00 1.000000000000000000e+00 9.999119408242338469e-01 1.000000000000000000e+00 9.999092723643622227e-01 9.999119408242338469e-01 1.000000000000000000e+00 1.000000000000000000e+00 1.000000000000000000e+00 1.000000000000000000e+00 1.000000000000000000e+00
1.000000000000000000e+00 9.999092723643622227e-01 1.000000000000000000e+00 1.000000000000000000e+00 9.999119408242338469e-01 1.000000000000000000e+00 1.000000000000000000e+00 1.000000000000000000e+00 1.000000000000000000e+00 1.000000000000000000e+00 1.000000000000000000e+00 9.999119408242338469e-01 1.000000000000000000e+00 9.999092723643622227e-01 9.999119408242338469e-01 1.000000000000000000e+00 1.000000000000000000e+00 1.000000000000000000e+00 1.000000000000000000e+00 1.000000000000000000e+00
1.000000000000000000e+00 9.999092723643622227e-01 1.000000000000000000e+00 1.000000000000000000e+00 9.999119408242338469e-01 1.000000000000000000e+00 1.000000000000000000e+00 1.000000000000000000e+00 1.000000000000000000e+00 1.000000000000000000e+00 1.000000000000000000e+00 9.999119408242338469e-01 1.000000000000000000e+00 9.999092723643622227e-01 9.999119408242338469e-01 1.000000000000000000e+00 1.000000000000000000e+00 1.000000000000000000e+00 1.000000000000000000e+00 1.000000000000000000e+00
1.000000000000000000e+00 9.999092723643622227e-01 1.000000000000000000e+00 1.000000000000000000e+00 9.999119408242338469e-01 1.000000000000000000e+00 1.000000000000000000e+00 1.000000000000000000e+00 1.000000000000000000e+00 1.000000000000000000e+00 1.000000000000000000e+00 9.999119408242338469e-01 1.000000000000000000e+00 9.999092723643622227e-01 9.999119408242338469e-01 1.000000000000000000e+00 1.000000000000000000e+00 1.000000000000000000e+00 1.000000000000000000e+00 1.000000000000000000e+00
1.000000000000000000e+00 9.999092723643622227e-01 1.000000000000000000e+00 1.000000000000000000e+00 9.999119408242338469e-01 1.000000000000000000e+00 1.000000000000000000e+00 1.000000000000000000e+00 1.000000000000000000e+00 1.000000000000000000e+00 1.000000000000000000e+00 9.999119408242338469e-01 1.000000000000000000e+00 9.999092723643622227e-01 9.999119408242338469e-01 1.000000000000000000e+00 1.000000000000000000e+00 1.000000000000000000e+00 1.000000000000000000e+00 1.000000000000000000e+00
1.000000000000000000e+00 9.999092723643622227e-01 1.000000000000000000e+00 1.000000000000000000e+00 9.999119408242338469e-01 1.000000000000000000e+00 1.000000000000000000e+00 1.000000000000000000e+00 1.000000000000000000e+00 1.000000000000000000e+00 1.000000000000000000e+00 1.000000000000000000e+00 1.000000000000000000e+00 9.999092723643622227e-01 9.999119408242338469e-01 1.000000000000000000e+00 1.000000000000000000e+00 1.000000000000000000e+00 1.000000000000000000e+00 1.000000000000000000e+00
1.000000000000000000e+00 9.999092723643622227e-01 1.000000000000000000e+00 1.000000000000000000e+00 9.999119408242338469e-01 1.000000000000000000e+00 1.000000000000000000e+00 1.000000000000000000e+00 1.000000000000000000e+00 1.000000000000000000e+00 1.000000000000000000e+00 1.000000000000000000e+00 1.000000000000000000e+00 9.999092723643622227e-01 1.000000000000000000e+00 1.000000000000000000e+00 1.000000000000000000e+00 1.000000000000000000e+00 1.000000000000000000e+00 1.000000000000000000e+00
1.000000000000000000e+00 9.999092723643622227e-01 1.000000000000000000e+00 1.000000000000000000e+00 9.999119408242338469e-01 1.000000000000000000e+00 1.000000000000000000e+00 1.000000000000000000e+00 1.000000000000000000e+00 1.000000000000000000e+00 1.000000000000000000e+00 1.000000000000000000e+00 1.000000000000000000e+00 9.999092723643622227e-01 1.000000000000000000e+00 1.000000000000000000e+00 1.000000000000000000e+00 1.000000000000000000e+00 1.000000000000000000e+00 1.000000000000000000e+00
1.000000000000000000e+00 9.999092723643622227e-01 1.000000000000000000e+00 1.000000000000000000e+00 9.999119408242338469e-01 1.000000000000000000e+00 1.000000000000000000e+00 1.000000000000000000e+00 1.000000000000000000e+00 1.000000000000000000e+00 1.000000000000000000e+00 1.000000000000000000e+00 1.000000000000000000e+00 9.999092723643622227e-01 1.000000000000000000e+00 1.000000000000000000e+00 1.000000000000000000e+00 1.000000000000000000e+00 1.000000000000000000e+00 1.000000000000000000e+00
1.000000000000000000e+00 1.000000000000000000e+00 1.000000000000000000e+00 1.000000000000000000e+00 1.000000000000000000e+00 1.000000000000000000e+00 1.000000000000000000e+00 1.000000000000000000e+00 1.000000000000000000e+00 1.000000000000000000e+00 1.000000000000000000e+00 1.000000000000000000e+00 1.000000000000000000e+00 1.000000000000000000e+00 1.000000000000000000e+00 1.000000000000000000e+00 1.000000000000000000e+00 1.000000000000000000e+00 1.000000000000000000e+00 1.000000000000000000e+00
