0.000000000000000000e+00 0.000000000000000000e+00
9.594579557462614705e-01 2.557313018751311215e-02
9.764495074023076260e-01 1.717496299006482374e-02
9.839600211342020009e-01 1.331697329150548052e-02
9.882705177879536063e-01 1.036588983409874806e-02
9.914729364799812483e-01 8.235807318802450955e-03
9.935820871625729023e-01 6.701208439768679102e-03
9.951283262352299541e-01 5.319372141185516566e-03
9.963143232252071879e-01 4.251671910418295709e-03
9.972300052301813489e-01 3.187614933116192026e-03
9.978992549660038458e-01 2.439876464522294872e-03
9.983578297949555758e-01 1.974863025482321861e-03
9.986740422897520952e-01 1.588054905117945855e-03
9.989771793311772452e-01 1.287672797187996293e-03
9.991203422032939319e-01 1.100364358676978686e-03
9.992676411882115417e-01 9.182396761771847212e-04
9.993922582642198460e-01 7.728800856214354921e-04
9.994680425245764388e-01 6.895892399221194985e-04
9.995436933619391562e-01 6.011697196505466504e-04
9.995705113836497180e-01 5.498901900594134473e-04
9.996329533446474125e-01 4.702538599124841674e-04
9.996681770149539181e-01 3.966800680470851143e-04
9.997167429846189890e-01 3.396051863389906635e-04
9.997432941603424661e-01 3.295635448586497910e-04
9.997697119130724008e-01 2.680468937312427955e-04
9.998182778827372497e-01 1.709416726791099803e-04
9.998317536050892462e-01 1.574198527579857040e-04
9.998405595226659281e-01 1.355038431423238963e-04
9.998539018220243824e-01 1.222780063557728930e-04
9.998583047808127233e-01 1.195008313629875306e-04
9.998628411625946066e-01 1.230197624983770017e-04
9.998628411625946066e-01 1.230197624983770017e-04
9.998760500389595185e-01 1.163720061605382422e-04
9.998848559565362004e-01 1.154190642120005042e-04
9.998936618741126603e-01 1.103183880272257984e-04
9.998981982558945436e-01 1.089936836288274885e-04
9.999026012146827735e-01 1.112158885717611179e-04
9.999026012146827735e-01 1.112158885717611179e-04
9.999070041734711145e-01 9.857882736068581189e-05
9.999114071322594555e-01 8.833609844386360499e-05
9.999114071322594555e-01 8.833609844386360499e-05
9.999114071322594555e-01 8.833609844386360499e-05
9.999114071322594555e-01 8.833609844386360499e-05
9.999114071322594555e-01 8.833609844386360499e-05
9.999158100910477964e-01 8.139666531399414155e-05
9.999202130498361374e-01 7.354451623343318391e-05
9.999290189674127083e-01 7.720754142988192062e-05
9.999335553491945916e-01 7.856745271886834275e-05
9.999335553491945916e-01 7.856745271886834275e-05
9.999379583079829326e-01 7.969218140575799129e-05
9.999379583079829326e-01 7.969218140575799129e-05
9.999379583079829326e-01 7.969218140575799129e-05
9.999379583079829326e-01 7.969218140575799129e-05
9.999423612667712735e-01 8.056097588474082959e-05
9.999423612667712735e-01 8.056097588474082959e-05
9.999467642255595035e-01 8.118205344540304735e-05
9.999467642255595035e-01 8.118205344540304735e-05
9.999467642255595035e-01 8.118205344540304735e-05
9.999511671843478444e-01 7.142356045604154500e-05
9.999511671843478444e-01 7.142356045604154500e-05
9.999511671843478444e-01 7.142356045604154500e-05
9.999511671843478444e-01 7.142356045604154500e-05
9.999555701431361854e-01 6.594538593641105018e-05
9.999555701431361854e-01 6.594538593641105018e-05
9.999599731019245263e-01 6.582501512239491426e-05
9.999599731019245263e-01 6.582501512239491426e-05
9.999599731019245263e-01 6.582501512239491426e-05
9.999599731019245263e-01 6.582501512239491426e-05
9.999643760607128673e-01 6.540870900149130045e-05
9.999643760607128673e-01 6.540870900149130045e-05
9.999643760607128673e-01 6.540870900149130045e-05
9.999687790195010972e-01 5.839051185575557006e-05
9.999687790195010972e-01 5.839051185575557006e-05
9.999687790195010972e-01 5.839051185575557006e-05
9.999687790195010972e-01 5.839051185575557006e-05
9.999687790195010972e-01 5.839051185575557006e-05
9.999687790195010972e-01 5.839051185575557006e-05
9.999687790195010972e-01 5.839051185575557006e-05
9.999687790195010972e-01 5.839051185575557006e-05
9.999687790195010972e-01 5.839051185575557006e-05
9.999731819782894382e-01 5.001832108467374948e-05
9.999731819782894382e-01 5.001832108467374948e-05
9.999731819782894382e-01 5.001832108467374948e-05
9.999731819782894382e-01 5.001832108467374948e-05
9.999731819782894382e-01 5.001832108467374948e-05
9.999777183600713215e-01 3.859846725482755442e-05
9.999777183600713215e-01 3.859846725482755442e-05
9.999777183600713215e-01 3.859846725482755442e-05
9.999777183600713215e-01 3.859846725482755442e-05
9.999777183600713215e-01 3.859846725482755442e-05
9.999777183600713215e-01 3.859846725482755442e-05
9.999777183600713215e-01 3.859846725482755442e-05
9.999777183600713215e-01 3.859846725482755442e-05
9.999777183600713215e-01 3.859846725482755442e-05
9.999777183600713215e-01 3.859846725482755442e-05
9.999821213188596625e-01 3.576234040416966940e-05
9.999865242776480034e-01 3.208233494872756954e-05
9.999865242776480034e-01 3.208233494872756954e-05
9.999865242776480034e-01 3.208233494872756954e-05
1.000000000000000000e+00 0.000000000000000000e+00
