9.999710539642320262e-01
9.999796183718889786e-01
9.999684290996875280e-01
9.999630976713856922e-01
9.999540745833190858e-01
9.999135470060173114e-01
9.999288856257162461e-01
9.998074297924905984e-01
9.999351417135743381e-01
9.999504403328512980e-01
9.999893248589994954e-01
9.999650631749070762e-01
9.999093040594063675e-01
9.999616324143516533e-01
9.999033955019230868e-01
9.999173751457189896e-01
9.997858902524077163e-01
9.998170199101356070e-01
9.999698786585345944e-01
9.999351998057788293e-01
