# Accuracy (train)	Balanced Accuracy (train)	Balanced F-score (train)	ROC AUC (train)	Accuracy (test)	Balanced Accuracy (test)	Balanced F-score (test)	ROC AUC (test)
9.937397931409907015e-01 9.923744947080628265e-01 9.949528198376124122e-01 9.996285419399213446e-01 7.801764891270090985e-01 7.790215024496460750e-01 8.055207026348807364e-01 8.636114067455724630e-01
9.530756668481219496e-01 9.565868263473054078e-01 9.600222613857712917e-01 9.943084336597257655e-01 6.947683580208005028e-01 7.164777587681778748e-01 7.240347627867218527e-01 8.383976273287471193e-01
9.786142001710863569e-01 9.784495180761472177e-01 9.823321554770318986e-01 9.978630370147660855e-01 6.981037924151696217e-01 7.362742048370790604e-01 6.956230085527418394e-01 9.115143032233998799e-01
9.792023096663815540e-01 9.803027634570431470e-01 9.827394950525801809e-01 9.985528598571532521e-01 6.791417165668662825e-01 6.713780231744304050e-01 7.290349768225874438e-01 7.687304448572330751e-01
9.685356559608057081e-01 9.725611801606870443e-01 9.740574506283662393e-01 9.973476598857837772e-01 7.548061771194453096e-01 7.464956450734894222e-01 7.905223478729133113e-01 8.318637459702261649e-01
9.750136091453456277e-01 9.756396298312466353e-01 9.790382244143033263e-01 9.976688627989729330e-01 7.883706271667192400e-01 7.864806102081551842e-01 8.256975989617131306e-01 8.984149429968122380e-01
9.901090675791274220e-01 9.888044766082807469e-01 9.918791975769281066e-01 9.993590662985405437e-01 8.053892215568861923e-01 8.303522824480908948e-01 8.184920881166615203e-01 9.517717035017762006e-01
9.802715996578271751e-01 9.799825482724391357e-01 9.837136425828663100e-01 9.982586022357924360e-01 7.147371922821024182e-01 7.243759234777198408e-01 7.447536835838666214e-01 8.123941478579508324e-01
9.949373979314098948e-01 9.942971200456229841e-01 9.959097506267318156e-01 9.997573413531212205e-01 6.490702804916482771e-01 6.215466793685355817e-01 7.242105263157894157e-01 6.750333199958277186e-01
9.811105062602069049e-01 9.813101070586101038e-01 9.841963838411440513e-01 9.984332134958073812e-01 8.175228490387645985e-01 8.231037924151696217e-01 8.473503822831530696e-01 9.241071428571429047e-01
9.757805816937553667e-01 9.763320951679528292e-01 9.799282201249502888e-01 9.977662174610079093e-01 7.651363938789088603e-01 7.918967260284625054e-01 7.774976363063346163e-01 9.100249225477810011e-01
9.709687767322497942e-01 9.711205930385218288e-01 9.759553646548289052e-01 9.963874106633189287e-01 7.917498336660013791e-01 8.044171397464811024e-01 8.143534994068801769e-01 8.854628599554915658e-01
9.799673380511704224e-01 9.787274191113570776e-01 9.837999647825321770e-01 9.983049550272975470e-01 6.265364008824456654e-01 6.189269188894936935e-01 6.740924092409240620e-01 7.069509932231345939e-01
9.827980402830702733e-01 9.816503356922519075e-01 9.856897020197445958e-01 9.986552109815107769e-01 7.620548376930349477e-01 7.553999144568006585e-01 8.056127703398557882e-01 7.920867525001322740e-01
9.658361847733105687e-01 9.687910275705273744e-01 9.713825070536074024e-01 9.962734897971197157e-01 9.041916167664670878e-01 9.185784275604634841e-01 9.159124087591241636e-01 9.861242597626117545e-01
9.878100940975192978e-01 9.874875916615966087e-01 9.899515204936095714e-01 9.990658153416820397e-01 6.942781104457751429e-01 6.790963527490474494e-01 7.492496589358799142e-01 7.318015807563656994e-01
9.890038105606967500e-01 9.872628692195440925e-01 9.911372411372411095e-01 9.987121816348182302e-01 6.990230066183422686e-01 6.992889221556886081e-01 7.285389425810120390e-01 7.886382583227665721e-01
9.683723462166575757e-01 9.663854109961894645e-01 9.737139754784418511e-01 9.965510286893922709e-01 8.016073116924046227e-01 8.090782720273738127e-01 8.325129705999734231e-01 8.902519490531339841e-01
9.720915312232677463e-01 9.743987959909059526e-01 9.767047483041770839e-01 9.976684571553041669e-01 6.788090485695276177e-01 6.781048293024340978e-01 7.216375955023784927e-01 7.573222789974913827e-01
9.796300256629597580e-01 9.800305805501297041e-01 9.831393547816081879e-01 9.983633552645581055e-01 8.117099135063207127e-01 8.346683256862896805e-01 8.260067629880111229e-01 9.509240132380080146e-01
