# Accuracy (train)	Balanced Accuracy (train)	Balanced F-score (train)	ROC AUC (train)	Accuracy (test)	Balanced Accuracy (test)	Balanced F-score (test)	ROC AUC (test)
9.975650668253882580e-01 9.976788436840106078e-01 9.979963489024444856e-01 9.976788436840104968e-01 9.946437266677486955e-01 9.952274835048344759e-01 9.955817378497791026e-01 9.952274835048343649e-01
9.985931497213353936e-01 9.984260260048934965e-01 9.988436221312934071e-01 9.984260260048934965e-01 9.975653303035221242e-01 9.973352335555271120e-01 9.979991996798719400e-01 9.973352335555271120e-01
9.978898387620387389e-01 9.980195279408425879e-01 9.982635023821185838e-01 9.980195279408424769e-01 9.962662337662337997e-01 9.963408635601809227e-01 9.969271877087508837e-01 9.963408635601809227e-01
9.977275186668109752e-01 9.975424449564117557e-01 9.981320049813200423e-01 9.975424449564117557e-01 9.965909090909090828e-01 9.963868667865993789e-01 9.971973842252769282e-01 9.963868667865993789e-01
9.976732860775932021e-01 9.975713895121829378e-01 9.980869333096054064e-01 9.975713895121829378e-01 9.957799058594384300e-01 9.959411225666245926e-01 9.965249933172947161e-01 9.959411225666247036e-01
9.956171202856988200e-01 9.956844881706332639e-01 9.963924642586736713e-01 9.956844881706331529e-01 9.926959909105664837e-01 9.929636059026729633e-01 9.939815433997591931e-01 9.929636059026729633e-01
9.962666378097608799e-01 9.962185493485786747e-01 9.969288289491252675e-01 9.962185493485786747e-01 9.935064935064935598e-01 9.936298801571717965e-01 9.946524064171122781e-01 9.936298801571719075e-01
9.944270100638459287e-01 9.945586939091515255e-01 9.954110046781019516e-01 9.945586939091515255e-01 9.918831168831169220e-01 9.920741748945354210e-01 9.933119315141787364e-01 9.920741748945354210e-01
9.971862994426708982e-01 9.972446592905386265e-01 9.976849790757724712e-01 9.972446592905385154e-01 9.941567927284531425e-01 9.945328018623591504e-01 9.951833021139950830e-01 9.945328018623591504e-01
9.975109571992857305e-01 9.973153255567654973e-01 9.979539186905078685e-01 9.973153255567653863e-01 9.964291511118325007e-01 9.961800979032329195e-01 9.970651013874066715e-01 9.961800979032328085e-01
9.979980521588572850e-01 9.981085038283770139e-01 9.983527002359645630e-01 9.981085038283770139e-01 9.962662337662337997e-01 9.965618117486048089e-01 9.969247225564915604e-01 9.965618117486048089e-01
9.976193052699924291e-01 9.977234555463357912e-01 9.980409617097060204e-01 9.977234555463357912e-01 9.954545454545454808e-01 9.950842898539441483e-01 9.962646744930628850e-01 9.950842898539441483e-01
9.960499972945187075e-01 9.957947835656006941e-01 9.967531023439931692e-01 9.957947835656006941e-01 9.941567927284531425e-01 9.932822201514603933e-01 9.952051145444859026e-01 9.932822201514603933e-01
9.976191764514906746e-01 9.976987925599170026e-01 9.980409617097061314e-01 9.976987925599170026e-01 9.965914624249310183e-01 9.969030181339216812e-01 9.971928886512497758e-01 9.969030181339216812e-01
9.945893301590736924e-01 9.952321306953704205e-01 9.955365113372611763e-01 9.952321306953703095e-01 9.920454545454545636e-01 9.922812999980978876e-01 9.934448160535117589e-01 9.922812999980978876e-01
9.956714641272589317e-01 9.955819166157979794e-01 9.964393804521987086e-01 9.955819166157979794e-01 9.938311688311688430e-01 9.941177797604381361e-01 9.949170679507757242e-01 9.941177797604382471e-01
9.942102700070342136e-01 9.940612096607319703e-01 9.952374593848755113e-01 9.940612096607319703e-01 9.943191040415516602e-01 9.940042048993045221e-01 9.953289737087948064e-01 9.940042048993045221e-01
9.939397218765217978e-01 9.942316183943959995e-01 9.950062421972535320e-01 9.942316183943958885e-01 9.917221230319753777e-01 9.917208552812977196e-01 9.931845516504075322e-01 9.917208552812977196e-01
9.976734119684016466e-01 9.975225012378680089e-01 9.980872736977892679e-01 9.975225012378681200e-01 9.957792207792207639e-01 9.952775918726453064e-01 9.965333333333332710e-01 9.952775918726454174e-01
9.970241315874904808e-01 9.968413805613201006e-01 9.975534896134513607e-01 9.968413805613201006e-01 9.978896103896104375e-01 9.978965688228171871e-01 9.982641207103752912e-01 9.978965688228171871e-01
